0.05178122967481613 0.0992860734584546
0.039319075644016266 0.07705177024656486
0.03857025131583214 0.07127470613967334
0.031578682363033295 0.06646387556146537
0.03118578903377056 0.06357004794949407
0.030160970985889435 0.0615240059924954
0.028720702975988388 0.060040099368676825
0.03270602598786354 0.05881800221365544
0.028727559372782707 0.05766961249022945
0.028233632445335388 0.0567160015088336
0.02742045745253563 0.05578002913243439
0.02664441615343094 0.05521046986412612
0.027305975556373596 0.0544610518545968
0.027789751067757607 0.054011853259533886
0.025941338390111923 0.05332191845234636
0.026278285309672356 0.05278804712505042
0.02657287009060383 0.052291620695298635
0.027312729507684708 0.051934355098439494
0.02510807104408741 0.05144163944354986
0.02570873126387596 0.05098279895976551
0.02929847314953804 0.05058395767670724
0.02448255941271782 0.0502764663230171
0.025263406336307526 0.049983832340596154
0.024984043091535568 0.049638039008676194
0.02493017539381981 0.0494627419767815
0.024812117218971252 0.0492586386098199
0.02371799200773239 0.04898430122321406
0.025141851976513863 0.04867388547096168
0.023799818009138107 0.04856770288209337
0.025251014158129692 0.04830836681826725
0.02365676313638687 0.04818384121463962
0.024144189432263374 0.047952193939393484
0.023082880303263664 0.047770770023036396
0.02276802435517311 0.04753453869179744
0.023051606491208076 0.04742393957841786
0.02457871101796627 0.0472208868854296
0.022922173142433167 0.04702967632693881
0.02243233472108841 0.0468410855306348
0.022182311862707138 0.046779305108236684
0.02294175513088703 0.04655344495473668
0.02191125974059105 0.04640008208699707
0.021754171699285507 0.04617295084313086
0.022961769253015518 0.04610620568980963
0.02216903679072857 0.04603183006091241
0.02171049267053604 0.04582194107957692
0.021450083702802658 0.04567648375493142
0.022431792691349983 0.04553518986852195
0.02415108121931553 0.045465374781625795
0.021220870316028595 0.045378541294739096
0.021175405010581017 0.04524603648979105
0.02251078374683857 0.0451039253893925
0.021067630499601364 0.045097772970958044
0.020873041823506355 0.04489482315993114
0.02092464454472065 0.044847902291192995
0.021555904299020767 0.04472078206855042
0.020697109401226044 0.04467747077772176
0.021577121689915657 0.044493683007335146
0.02062341384589672 0.04449599834631022
0.020453089848160744 0.044304251807871245
0.020710280165076256 0.044265076543435415
0.02037149667739868 0.0440918056837382
0.02036788873374462 0.044112315929268946
0.02023697830736637 0.04396701615293604
0.020467478781938553 0.043932679360504046
0.021543322131037712 0.04381335443976952
0.02031930349767208 0.04372427755667338
0.020138882100582123 0.04363194075019711
0.02003672532737255 0.043601353589333695
0.020066671073436737 0.04352866141861482
0.02021794766187668 0.04340875923775685
0.019960155710577965 0.043388328050600736
0.02001950517296791 0.04325736723637223
0.019924461841583252 0.04323413172274909
0.01995815522968769 0.0431333665687804
0.01979389600455761 0.043074269502421166
0.01984080858528614 0.04295984006991828
0.01984298788011074 0.04293482736443304
0.01994965970516205 0.0428642448119068
0.019911261275410652 0.042890250342783875
0.019837019965052605 0.042666157418278325
0.01976064033806324 0.04271583773743879
0.019832449033856392 0.042537854740786946
0.019735299050807953 0.042574861165572575
0.0195620059967041 0.04247762327785388
0.019670384004712105 0.04246828848704168
0.019573703408241272 0.042316475071073875
0.019541898742318153 0.04235383373373049
0.019540851935744286 0.042217633811305263
0.019561350345611572 0.042139337172259754
0.019432896748185158 0.042191533859037574
0.01951383613049984 0.04207063080078087
0.019381755962967873 0.04209797999920572
0.019377071410417557 0.041958221927163385
0.01961798593401909 0.04195764324341061
0.01931532472372055 0.04189032520236047
0.019300254061818123 0.041774629815722684
0.019360529258847237 0.041836112948281726
0.019969524815678596 0.04178426988747692
0.019244026392698288 0.041701777203754606
0.019304700195789337 0.04164409133978696
0.019443389028310776 0.04161579619169398
0.019228506833314896 0.04153127117686441
0.01970626972615719 0.04150491765870304
0.0194538664072752 0.041460275822585546
0.019126594066619873 0.04141963632619998
0.019177449867129326 0.04133953376386406
0.019465355202555656 0.04135128446633874
0.019093425944447517 0.0412885899013492
0.01907706819474697 0.04117413026811073
0.019119996577501297 0.041241407427398805
0.01908569410443306 0.041197895526642374
0.019002262502908707 0.04105083463200919
0.01901080459356308 0.04107647673391841
0.018963299691677094 0.04109725105380817
0.018963582813739777 0.04097893070277304
0.019132912158966064 0.040931677141249664
0.019061340019106865 0.04084251500787949
0.018987607210874557 0.04092604564426705
0.01926306262612343 0.04080508274790052
0.01889757066965103 0.04083910476345295
0.018831972032785416 0.04064230598783379
0.018988287076354027 0.04072834656647424
0.01881466805934906 0.04072701235172372
0.01918673701584339 0.04057335332594304
0.01878456398844719 0.04060626873487672
0.018762417137622833 0.04057738851319379
0.01921105943620205 0.04041879703303449
0.018745984882116318 0.04047824701228324
0.019266609102487564 0.04045726210183441
0.018731262534856796 0.04035003748988829
0.01871100813150406 0.040416809933244854
0.01865556463599205 0.04020340126058548
0.019179506227374077 0.040248993401002006
0.018838930875062943 0.04026234727758884
0.018891319632530212 0.04029243405938798
0.018731271848082542 0.04002009519459604
0.018709875643253326 0.040116982009231396
0.019480790942907333 0.040148497244459895
0.018573559820652008 0.03996303854687824
0.019049569964408875 0.039906372308568666
0.018509751185774803 0.03998123956920341
0.018534693866968155 0.039839260556737636
0.018529348075389862 0.039889344280682075
0.01876028999686241 0.0398016343050578
0.018511410802602768 0.03986187388343934
0.018446102738380432 0.039697804422262416
0.018438730388879776 0.03969953141659904
0.01854139193892479 0.03961350987297394
0.0185445174574852 0.03966104415846781
0.018318314105272293 0.03956919688000585
0.018343079835176468 0.03952375828093095
0.018403513357043266 0.03954813503266924
0.01832875795662403 0.0394519519197884
0.01828566938638687 0.039331515294268767
0.018372440710663795 0.039329612508355274
0.018701685592532158 0.03936058926911218
0.018263190984725952 0.039240000888766155
0.018171261996030807 0.03924177879624942
0.018185822293162346 0.03925546681208977
0.01901872828602791 0.03919641077975242
0.01818462833762169 0.03909756016361778
0.01835707202553749 0.039117429339471564
0.01824989914894104 0.038943643846653136
0.018053485080599785 0.03904527738406158
0.01810380630195141 0.039019816864677766
0.018057091161608696 0.03899638429639369
0.018059225752949715 0.03882129637813779
0.018029004335403442 0.03886958330423046
0.01836479641497135 0.03881214222584011
0.01817789115011692 0.038848754071836085
0.017984267324209213 0.038640823326903405
0.01796749047935009 0.03868240943528732
0.01795227639377117 0.0386707349794559
0.017969083040952682 0.03862243620754913
0.018019266426563263 0.03863108916873016
0.018050797283649445 0.03848332027607783
0.01784619688987732 0.03854056312994428
0.01784798875451088 0.03842648364887738
0.01785322278738022 0.038489593568509214
0.017794832587242126 0.038407130618592376
0.01844373159110546 0.03832539182653706
0.017793454229831696 0.03832768275064977
0.018061237409710884 0.03827274786638304
0.01785123534500599 0.03821678156647273
0.017820069566369057 0.03824975301970903
0.01860124059021473 0.0381771672126261
0.017820684239268303 0.038098784343768365
0.017684441059827805 0.0381094932566303
0.018491022288799286 0.0380355270264787
0.017868297174572945 0.037968728064536564
0.017798570916056633 0.03802925983712849
0.0178751852363348 0.03795401175437896
0.01806577853858471 0.03794357822116779
0.018151085823774338 0.03782134230073531
0.017862562090158463 0.037933614878973614
0.0178357120603323 0.037846057348420246
0.018077043816447258 0.03776532294589021
0.01784859038889408 0.0377427774484013
0.017620019614696503 0.037720539807583074
0.01749480701982975 0.037611512485028774
0.017869628965854645 0.03761449793724176
0.018442939966917038 0.03759991203254591
0.017620839178562164 0.03760300111279338
0.017853619530797005 0.037582968478408266
0.017459969967603683 0.03755433177854612
0.017433756962418556 0.0374331691122185
0.01745661161839962 0.03744432130924931
0.017647670581936836 0.037454536151678916
0.018190663307905197 0.03739694833288563
0.01742321252822876 0.037386413019059136
0.017468765377998352 0.037257462582609306
0.017603499814867973 0.03744339991909038
0.017356617376208305 0.03724761560752135
0.01764516346156597 0.037264565295192134
0.01735219918191433 0.03715235210589719
0.01738927699625492 0.03725148437224958
0.01730603538453579 0.03720539981849512
0.01757565699517727 0.037062653642381246
0.01769133098423481 0.03706472685778823
0.017744673416018486 0.03711917091729449
0.017986804246902466 0.037097668442722886
0.017760716378688812 0.037117651382039936
0.017378469929099083 0.03691036335119029
0.01726134866476059 0.03693516282694622
0.017339512705802917 0.0369783763466682
0.017272895202040672 0.03690143161496447
0.017279859632253647 0.03689836178543376
0.017235273495316505 0.036794743125075705
0.017492549493908882 0.03686869879347102
0.01722208969295025 0.036847257852168594
0.018037183210253716 0.036831614170578744
0.017180414870381355 0.03669598144390278
0.017416933551430702 0.036816713735156714
0.017440738156437874 0.03671219811726575
0.017555922269821167 0.0367119586531692
0.01738850027322769 0.03663364470725732
0.01718822680413723 0.03672253519134236
0.017283519729971886 0.0366146887071451
0.01713641732931137 0.036585558264209235
0.017105720937252045 0.03657831059520105
